          42
         128
           1           0           0
  0.1233407    
  0.1234157    
  0.1234941    
  0.1235748    
  0.1236576    
  0.1237423    
  0.1238284    
  0.1239159    
  0.1240080    
  0.1241137    
  0.1242423    
  0.1243899    
  0.1245438    
  0.1246960    
  0.1248452    
  0.1249929    
  0.1251403    
  0.1252879    
  0.1254361    
  0.1255853    
  0.1257356    
  0.1258879    
  0.1260429    
  0.1262010    
  0.1263618    
  0.1265250    
  0.1266897    
  0.1268556    
  0.1270225    
  0.1271904    
  0.1273590    
  0.1275269    
  0.1276930    
  0.1278561    
  0.1280149    
  0.1281680    
  0.1283141    
  0.1284524    
  0.1285817    
  0.1287006    
  0.1288080    
  0.1289026    
  0.1289827    
  0.1290471    
  0.1290948    
  0.1291256    
  0.1291392    
  0.1291355    
  0.1291144    
  0.1290764    
  0.1290220    
  0.1289513    
  0.1288645    
  0.1287621    
  0.1286447    
  0.1285131    
  0.1283683    
  0.1282115    
  0.1280438    
  0.1278670    
  0.1276827    
  0.1274929    
  0.1272996    
  0.1271046    
  0.1269089    
  0.1267141    
  0.1265212    
  0.1263304    
  0.1261420    
  0.1259569    
  0.1257770    
  0.1256036    
  0.1254372    
  0.1252780    
  0.1251267    
  0.1249844    
  0.1248516    
  0.1247285    
  0.1246147    
  0.1245093    
  0.1244117    
  0.1243212    
  0.1242380    
  0.1241620    
  0.1240925    
  0.1240290    
  0.1239709    
  0.1239180    
  0.1238696    
  0.1238249    
  0.1237835    
  0.1237448    
  0.1237080    
  0.1236731    
  0.1236401    
  0.1236082    
  0.1235761    
  0.1235426    
  0.1235069    
  0.1234686    
  0.1234277    
  0.1233856    
  0.1233431    
  0.1233003    
  0.1232571    
  0.1232137    
  0.1231707    
  0.1231288    
  0.1230891    
  0.1230514    
  0.1230156    
  0.1229826    
  0.1229523    
  0.1229251    
  0.1229016    
  0.1228817    
  0.1228658    
  0.1228556    
  0.1228515    
  0.1228537    
  0.1228626    
  0.1228790    
  0.1229033    
  0.1229352    
  0.1229746    
  0.1230214    
  0.1230758    
  0.1231380    
