 Frequency     Thickness_dB  Loading_dB  Total_dB  Thickness_dBA  Loading_dBA  Total_dBA  Observer    205 harmonics
  93.607           24.33       47.29       46.96        4.25       27.22       26.89        1
  187.21           74.07       61.36       71.85       62.54       49.83       60.32        1
  280.82           25.70       47.56       48.07       18.08       39.93       40.45        1
  374.43           66.79       76.85       78.23       61.52       71.58       72.96        1
  468.04           28.09       51.10       50.96       24.41       47.43       47.28        1
  561.64           57.52       81.84       81.84       54.98       79.29       79.29        1
  655.25           25.34       54.03       53.83       23.63       52.32       52.12        1
  748.86           47.96       84.89       84.82       46.88       83.82       83.75        1
  842.46           20.33       55.44       55.35       19.74       54.85       54.76        1
  936.07           38.62       86.07       86.04       38.41       85.86       85.82        1
  1029.7           15.25       56.80       56.79       15.34       56.89       56.87        1
  1123.3           29.27       86.86       86.85       29.60       87.19       87.18        1
  1216.9           13.07       57.73       57.76       13.59       58.25       58.27        1
  1310.5           18.37       86.85       86.85       19.04       87.52       87.52        1
  1404.1           12.44       58.49       58.52       13.24       59.28       59.32        1
  1497.7            6.10       86.41       86.41        7.00       87.31       87.31        1
  1591.3           11.72       59.69       59.73       12.70       60.68       60.71        1
  1684.9            9.61       86.09       86.09       10.67       87.14       87.14        1
  1778.5           10.69       60.69       60.72       11.80       61.80       61.83        1
  1872.1           10.30       84.81       84.81       11.45       85.97       85.97        1
  1965.8            9.77       60.90       60.92       10.96       62.09       62.11        1
  2059.4            9.48       83.59       83.59       10.70       84.81       84.81        1
  2153.0            9.10       60.66       60.67       10.34       61.90       61.91        1
  2246.6            8.57       82.87       82.87        9.83       84.12       84.12        1
  2340.2            8.24       60.51       60.51        9.50       61.78       61.78        1
  2433.8            7.92       82.36       82.37        9.19       83.63       83.63        1
  2527.4            7.49       60.72       60.71        8.76       61.99       61.98        1
  2621.0            7.28       82.06       82.06        8.55       83.32       83.32        1
  2714.6            6.96       60.35       60.33        8.23       61.61       61.59        1
  2808.2            6.61       80.84       80.84        7.86       82.09       82.09        1
  2901.8            6.41       59.58       59.56        7.65       60.82       60.80        1
  2995.4            6.03       79.65       79.65        7.26       80.88       80.88        1
  3089.0            5.76       59.04       59.02        6.97       60.25       60.23        1
  3182.6            5.61       78.72       78.72        6.80       79.91       79.91        1
  3276.2            5.21       58.79       58.78        6.39       59.97       59.95        1
  3369.9            5.08       77.30       77.29        6.23       78.45       78.45        1
  3463.5            4.87       57.51       57.50        6.00       58.64       58.63        1
  3557.1            4.55       75.66       75.66        5.65       76.76       76.76        1
  3650.7            4.42       56.81       56.80        5.50       57.88       57.88        1
  3744.3            4.18       74.01       74.01        5.23       75.06       75.06        1
  3837.9            3.84       56.20       56.21        4.86       57.22       57.22        1
  3931.5            3.87       72.71       72.70        4.86       73.69       73.69        1
  4025.1            3.51       55.11       55.12        4.46       56.06       56.08        1
  4118.7            3.43       71.87       71.87        4.35       72.79       72.79        1
  4212.3            3.31       53.48       53.50        4.20       54.36       54.39        1
  4305.9            2.94       70.63       70.63        3.79       71.48       71.48        1
  4399.5            2.72       51.91       51.94        3.53       52.72       52.75        1
  4493.1            2.65       69.08       69.08        3.43       69.85       69.86        1
  4586.7            2.35       50.65       50.67        3.09       51.38       51.41        1
  4680.4            2.36       67.32       67.32        3.06       68.02       68.02        1
  4774.0            2.21       49.14       49.16        2.87       49.80       49.82        1
  4867.6            2.04       65.13       65.13        2.65       65.74       65.75        1
  4961.2            1.90       48.12       48.12        2.48       48.69       48.70        1
  5054.8            1.74       62.64       62.65        2.26       63.17       63.18        1
  5148.4            1.40       46.59       46.57        1.89       47.08       47.06        1
  5242.0            1.27       59.85       59.86        1.71       60.29       60.30        1
  5335.6            1.27       44.45       44.40        1.66       44.84       44.79        1
  5429.2            1.06       56.94       56.95        1.41       57.29       57.30        1
  5522.8            1.07       42.33       42.26        1.37       42.63       42.56        1
  5616.4            0.61       54.62       54.62        0.87       54.87       54.88        1
  5710.0            0.60       40.36       40.27        0.80       40.57       40.48        1
  5803.6            0.27       52.01       52.01        0.43       52.17       52.16        1
  5897.2            0.36       38.08       37.97        0.46       38.18       38.08        1
  5990.9            0.14       49.30       49.28        0.19       49.35       49.33        1
  6084.5            0.14       35.69       35.58        0.14       35.70       35.58        1
  6178.1           -0.12       47.17       47.13       -0.16       47.12       47.09        1
  6271.7           -0.14       32.90       32.84       -0.24       32.80       32.74        1
  6365.3           -0.47       46.11       46.08       -0.63       45.96       45.92        1
  6458.9           -0.61       27.27       27.48       -0.81       27.06       27.28        1
  6552.5           -0.55       45.18       45.18       -0.81       44.92       44.92        1
  6646.1           -0.96       28.23       28.46       -1.28       27.92       28.15        1
  6739.7           -0.92       44.53       44.56       -1.29       44.16       44.19        1
  6833.3           -1.36       31.97       31.99       -1.78       31.55       31.57        1
  6926.9           -1.00       44.51       44.55       -1.48       44.03       44.08        1
  7020.5           -1.27       34.32       34.28       -1.81       33.78       33.74        1
  7114.1           -1.27       46.11       46.14       -1.86       45.52       45.55        1
  7207.7           -1.11       36.56       36.50       -1.75       35.92       35.85        1
  7301.3           -1.39       48.25       48.27       -2.09       47.54       47.56        1
  7395.0           -1.30       36.95       36.86       -2.06       36.19       36.10        1
  7488.6           -1.29       48.54       48.55       -2.11       47.72       47.73        1
  7582.2           -1.32       38.11       38.02       -2.20       37.23       37.14        1
  7675.8           -1.78       49.72       49.73       -2.72       48.78       48.79        1
  7769.4           -1.71       39.52       39.44       -2.71       38.52       38.44        1
  7863.0           -1.78       49.97       49.96       -2.84       48.91       48.90        1
  7956.6           -2.15       39.47       39.40       -3.27       38.35       38.28        1
  8050.2           -2.10       50.33       50.31       -3.28       49.15       49.13        1
  8143.8           -2.34       40.29       40.24       -3.58       39.05       39.00        1
  8237.4           -2.68       51.80       51.79       -3.98       50.50       50.49        1
  8331.0           -2.52       41.25       41.23       -3.88       39.89       39.86        1
  8424.6           -2.97       51.59       51.58       -4.39       50.17       50.16        1
  8518.2           -2.69       40.83       40.82       -4.18       39.34       39.33        1
  8611.8           -3.39       51.31       51.29       -4.94       49.76       49.74        1
  8705.5           -2.94       41.35       41.35       -4.55       39.74       39.75        1
  8799.1           -2.89       51.90       51.89       -4.56       50.23       50.22        1
  8892.7           -3.46       41.15       41.18       -5.19       39.42       39.45        1
  8986.3           -2.22       51.63       51.62       -4.01       49.83       49.82        1
  9079.9           -3.66       40.99       41.03       -5.52       39.13       39.17        1
  9173.5           -4.04       52.40       52.40       -5.97       50.48       50.48        1
  9267.1           -3.47       41.35       41.40       -5.46       39.36       39.41        1
  9360.7           -3.93       52.49       52.49       -5.98       50.44       50.44        1
  9454.3           -3.10       41.66       41.71       -5.21       39.55       39.60        1
  9547.9           -2.78       51.58       51.58       -4.96       49.40       49.40        1
  9641.5           -3.75       41.21       41.24       -5.99       38.96       39.00        1
  9735.1           -2.92       50.56       50.58       -5.23       48.25       48.27        1
  9828.7           -4.53       40.94       40.96       -6.91       38.56       38.59        1
  9922.3           -3.72       50.16       50.18       -6.16       47.72       47.74        1
  10016.           -3.39       40.50       40.51       -5.90       38.00       38.00        1
  10110.           -3.61       49.68       49.70       -6.18       47.12       47.13        1
  10203.           -2.82       39.59       39.57       -5.45       36.95       36.94        1
  10297.           -4.65       49.09       49.11       -7.35       46.39       46.41        1
  10390.           -2.70       39.46       39.42       -5.47       36.69       36.66        1
  10484.           -3.79       48.48       48.50       -6.62       45.65       45.67        1
  10578.           -3.58       38.91       38.85       -6.48       36.01       35.96        1
  10671.           -4.25       46.81       46.82       -7.21       43.85       43.86        1
  10765.           -4.29       37.93       37.87       -7.31       34.91       34.84        1
  10858.           -4.96       44.49       44.49       -8.05       41.39       41.40        1
  10952.           -3.45       36.89       36.81       -6.61       33.74       33.66        1
  11046.           -4.75       41.25       41.23       -7.98       38.03       38.01        1
  11139.           -3.25       35.15       35.06       -6.54       31.86       31.77        1
  11233.           -5.10       38.46       38.42       -8.45       35.10       35.06        1
  11326.           -3.90       33.06       32.97       -7.32       29.64       29.55        1
  11420.           -4.76       37.11       37.04       -8.25       33.63       33.56        1
  11514.           -4.31       30.75       30.67       -7.86       27.20       27.11        1
  11607.           -4.82       37.13       37.07       -8.44       33.51       33.45        1
  11701.           -3.61       26.31       26.21       -7.30       22.63       22.52        1
  11794.           -5.08       36.54       36.49       -8.83       32.78       32.74        1
  11888.           -3.54       16.47       15.94       -7.36       12.65       12.12        1
  11982.           -4.80       34.06       34.02       -8.69       30.17       30.13        1
  12075.           -5.12        1.93       -1.53       -9.08       -2.03       -5.48        1
  12169.           -5.11       32.57       32.54       -9.13       28.55       28.52        1
  12262.           -4.82       19.96       20.13       -8.90       15.88       16.05        1
  12356.           -5.40       29.93       29.98       -9.55       25.78       25.83        1
  12450.           -4.00       25.42       25.36       -8.22       21.20       21.14        1
  12543.           -5.14       24.85       25.11       -9.42       20.57       20.83        1
  12637.           -3.70       25.24       25.09       -8.05       20.89       20.74        1
  12730.           -5.08       20.83       21.25       -9.50       16.41       16.83        1
  12824.           -5.43       23.44       23.23       -9.91       18.95       18.75        1
  12918.           -6.27       23.81       24.08      -10.82       19.26       19.53        1
  13011.           -5.47       24.69       24.53      -10.09       20.07       19.92        1
  13105.           -6.83       29.08       29.21      -11.51       24.39       24.53        1
  13199.           -4.92       28.34       28.20       -9.67       23.59       23.45        1
  13292.           -6.33       30.97       31.06      -11.15       26.15       26.24        1
  13386.           -5.26       30.23       30.09      -10.14       25.34       25.21        1
  13479.           -6.00       31.16       31.22      -10.95       26.22       26.27        1
  13573.           -6.34       31.42       31.31      -11.35       26.40       26.29        1
  13667.           -6.73       32.18       32.17      -11.81       27.09       27.09        1
  13760.           -5.07       31.98       31.87      -10.22       26.84       26.72        1
  13854.           -7.24       32.38       32.33      -12.45       27.17       27.11        1
  13947.           -4.88       31.06       30.94      -10.16       25.78       25.66        1
  14041.           -7.41       32.27       32.20      -12.75       26.92       26.85        1
  14135.           -6.33       30.90       30.81      -11.74       25.49       25.40        1
  14228.           -7.54       33.31       33.24      -13.02       27.84       27.76        1
  14322.           -6.14       31.22       31.17      -11.68       25.67       25.63        1
  14416.           -7.12       34.16       34.09      -12.73       28.56       28.48        1
  14509.           -4.98       31.04       31.02      -10.66       25.37       25.34        1
  14603.           -6.04       35.14       35.06      -11.78       29.40       29.32        1
  14696.           -6.19       31.21       31.22      -11.99       25.41       25.42        1
  14790.           -6.75       36.26       36.20      -12.62       30.39       30.33        1
  14884.           -8.34       31.15       31.22      -14.27       25.22       25.28        1
  14977.           -6.42       36.86       36.82      -12.42       30.86       30.82        1
  15071.           -7.14       31.25       31.35      -13.20       25.19       25.29        1
  15164.           -7.96       37.55       37.53      -14.09       31.42       31.40        1
  15258.           -7.27       32.44       32.53      -13.46       26.25       26.33        1
  15352.          -10.38       37.45       37.46      -16.64       31.19       31.20        1
  15445.           -7.01       33.58       33.63      -13.34       27.26       27.31        1
  15539.           -7.37       37.56       37.60      -13.76       31.17       31.21        1
  15632.           -5.61       34.68       34.71      -12.06       28.22       28.25        1
  15726.           -5.79       37.61       37.66      -12.31       31.09       31.14        1
  15820.           -6.56       35.77       35.78      -13.14       29.19       29.20        1
  15913.           -5.34       37.75       37.81      -11.99       31.10       31.16        1
  16007.           -8.61       36.02       36.01      -15.32       29.31       29.30        1
  16100.           -5.94       38.69       38.74      -12.71       31.91       31.96        1
  16194.           -8.89       36.14       36.11      -15.73       29.30       29.27        1
  16288.           -6.15       38.67       38.71      -13.06       31.77       31.81        1
  16381.           -9.57       35.70       35.66      -16.53       28.74       28.69        1
  16475.           -8.77       38.45       38.47      -15.80       31.42       31.44        1
  16568.           -6.91       35.00       34.93      -14.00       27.91       27.84        1
  16662.           -9.62       38.46       38.44      -16.78       31.30       31.28        1
  16756.           -3.30       33.98       33.88      -10.52       26.76       26.65        1
  16849.           -4.32       37.67       37.61      -11.60       30.38       30.32        1
  16943.           -3.79       32.78       32.66      -11.14       25.44       25.32        1
  17036.           -3.69       36.86       36.79      -11.10       29.45       29.38        1
  17130.           -8.88       31.06       30.99      -16.36       23.59       23.52        1
  17224.           -6.45       36.08       36.02      -13.98       28.54       28.48        1
  17317.          -10.06       28.90       28.90      -17.66       21.30       21.30        1
  17411.           -9.81       34.31       34.26      -17.47       26.65       26.60        1
  17504.           -8.46       23.84       23.93      -16.19       16.11       16.21        1
  17598.          -11.56       31.83       31.78      -19.34       24.05       24.00        1
  17692.           -8.78       15.47       15.93      -16.63        7.62        8.08        1
  17785.          -13.72       28.23       28.21      -21.63       20.32       20.30        1
  17879.           -4.92       -3.18       -2.03      -12.89      -11.15      -10.01        1
  17972.          -10.24       22.84       22.99      -18.27       14.80       14.96        1
  18066.           -2.69       15.29       14.43      -10.79        7.19        6.33        1
  18160.           -4.18       19.64       20.01      -12.33       11.48       11.85        1
  18253.           -3.08       21.85       21.44      -11.30       13.63       13.22        1
  18347.           -2.02       26.12       26.12      -10.30       17.83       17.84        1
  18441.           -8.71       23.50       23.32      -17.06       15.16       14.98        1
  18534.           -4.54       30.06       30.05      -12.94       21.65       21.65        1
  18628.          -15.88       23.59       23.68      -24.34       15.13       15.21        1
  18721.          -17.61       32.16       32.17      -26.13       23.64       23.64        1
  18815.           -3.24       24.82       25.10      -11.82       16.24       16.51        1
  18909.          -10.86       33.10       33.09      -19.51       24.45       24.44        1
  19002.           -0.37       26.03       26.36       -9.07       17.32       17.65        1
  19096.           -4.62       33.98       33.95      -13.39       25.22       25.18        1
  19189.           -2.59       26.63       26.88      -11.42       17.80       18.05        1
  93.607           30.80       59.99       60.27       10.73       39.92       40.20        2
  187.21           76.02       72.00       73.87       64.49       60.47       62.34        2
  280.82           19.04       61.00       60.95       11.41       53.37       53.33        2
  374.43           69.90       77.90       79.52       64.63       72.63       74.25        2
  468.04           27.60       61.53       61.40       23.93       57.85       57.72        2
  561.64           61.71       82.89       82.82       59.17       80.35       80.28        2
  655.25           28.08       61.76       61.70       26.37       60.06       59.99        2
  748.86           52.98       85.39       85.26       51.91       84.32       84.18        2
  842.46           26.08       61.52       61.51       25.49       60.93       60.92        2
  936.07           44.19       86.62       86.55       43.98       86.41       86.34        2
  1029.7           23.28       60.83       60.84       23.36       60.91       60.93        2
  1123.3           35.93       87.23       87.21       36.25       87.56       87.54        2
  1216.9           20.49       59.44       59.46       21.00       59.96       59.97        2
  1310.5           28.98       87.04       87.04       29.65       87.72       87.71        2
  1404.1           18.24       57.74       57.75       19.04       58.54       58.55        2
  1497.7           23.43       86.59       86.59       24.33       87.49       87.49        2
  1591.3           16.68       55.73       55.73       17.66       56.71       56.71        2
  1684.9           18.98       86.13       86.13       20.04       87.18       87.18        2
  1778.5           15.56       52.30       52.26       16.67       53.41       53.38        2
  1872.1           15.97       84.85       84.85       17.12       86.00       86.01        2
  1965.8           14.67       49.46       49.38       15.86       50.65       50.57        2
  2059.4           14.34       83.66       83.66       15.56       84.87       84.88        2
  2153.0           13.89       46.30       46.15       15.13       47.54       47.39        2
  2246.6           13.35       82.44       82.44       14.60       83.69       83.69        2
  2340.2           13.10       43.25       43.00       14.37       44.51       44.26        2
  2433.8           12.56       81.45       81.45       13.83       82.72       82.72        2
  2527.4           12.37       44.37       44.15       13.64       45.64       45.42        2
  2621.0           11.94       80.99       80.99       13.21       82.25       82.25        2
  2714.6           11.73       47.35       47.23       12.99       48.61       48.49        2
  2808.2           11.49       79.83       79.83       12.74       81.08       81.08        2
  2901.8           11.18       49.21       49.16       12.42       50.46       50.40        2
  2995.4           10.96       78.40       78.40       12.19       79.63       79.63        2
  3089.0           10.60       50.20       50.16       11.81       51.41       51.37        2
  3182.6           10.31       77.55       77.55       11.51       78.75       78.75        2
  3276.2           10.11       52.62       52.60       11.28       53.79       53.77        2
  3369.9            9.69       76.07       76.06       10.85       77.22       77.22        2
  3463.5            9.61       53.45       53.44       10.74       54.58       54.57        2
  3557.1            9.34       74.34       74.34       10.44       75.44       75.44        2
  3650.7            9.11       54.13       54.13       10.19       55.21       55.20        2
  3744.3            9.04       72.25       72.24       10.09       73.29       73.29        2
  3837.9            8.68       54.01       54.00        9.70       55.03       55.02        2
  3931.5            8.53       70.46       70.46        9.51       71.44       71.44        2
  4025.1            8.23       53.60       53.60        9.18       54.56       54.55        2
  4118.7            8.00       69.44       69.44        8.92       70.36       70.36        2
  4212.3            7.85       53.78       53.78        8.73       54.66       54.66        2
  4305.9            7.57       67.96       67.96        8.42       68.81       68.81        2
  4399.5            7.43       53.95       53.96        8.24       54.77       54.77        2
  4493.1            7.38       65.82       65.81        8.16       66.59       66.59        2
  4586.7            7.12       53.87       53.87        7.86       54.60       54.61        2
  4680.4            7.15       63.62       63.61        7.85       64.32       64.31        2
  4774.0            6.75       53.62       53.63        7.41       54.28       54.28        2
  4867.6            6.81       61.02       61.01        7.42       61.63       61.62        2
  4961.2            6.61       53.33       53.34        7.18       53.91       53.91        2
  5054.8            6.28       58.27       58.25        6.81       58.80       58.78        2
  5148.4            6.39       52.95       52.96        6.87       53.43       53.44        2
  5242.0            6.03       55.44       55.42        6.47       55.88       55.86        2
  5335.6            5.99       52.42       52.44        6.39       52.82       52.83        2
  5429.2            5.83       51.22       51.17        6.18       51.57       51.52        2
  5522.8            5.67       51.70       51.71        5.97       52.00       52.01        2
  5616.4            5.64       46.87       46.80        5.89       47.12       47.05        2
  5710.0            5.53       50.98       51.00        5.73       51.19       51.20        2
  5803.6            5.35       45.68       45.63        5.50       45.83       45.78        2
  5897.2            5.20       50.30       50.32        5.31       50.41       50.42        2
  5990.9            4.93       46.82       46.80        4.98       46.88       46.85        2
  6084.5            4.98       49.71       49.73        4.98       49.72       49.73        2
  6178.1            4.49       48.10       48.09        4.44       48.05       48.05        2
  6271.7            4.79       49.18       49.20        4.69       49.08       49.10        2
  6365.3            4.27       49.69       49.69        4.12       49.54       49.54        2
  6458.9            4.40       48.62       48.64        4.19       48.42       48.43        2
  6552.5            4.03       50.98       50.98        3.77       50.72       50.72        2
  6646.1            4.28       48.03       48.05        3.97       47.72       47.74        2
  6739.7            3.88       51.96       51.97        3.51       51.60       51.60        2
  6833.3            4.22       47.18       47.19        3.79       46.75       46.77        2
  6926.9            3.69       51.77       51.78        3.21       51.29       51.30        2
  7020.5            3.82       46.75       46.77        3.29       46.22       46.23        2
  7114.1            3.28       52.52       52.52        2.69       51.92       51.93        2
  7207.7            3.47       46.00       46.02        2.82       45.35       45.37        2
  7301.3            3.04       52.76       52.77        2.33       52.06       52.07        2
  7395.0            3.27       45.25       45.27        2.51       44.49       44.50        2
  7488.6            3.06       52.72       52.73        2.24       51.90       51.91        2
  7582.2            3.17       44.78       44.80        2.29       43.90       43.92        2
  7675.8            3.12       53.06       53.06        2.18       52.12       52.12        2
  7769.4            3.06       44.09       44.11        2.06       43.09       43.11        2
  7863.0            2.88       53.50       53.51        1.82       52.45       52.45        2
  7956.6            3.26       42.95       42.97        2.14       41.83       41.85        2
  8050.2            2.49       53.56       53.57        1.31       52.38       52.39        2
  8143.8            3.45       41.97       41.98        2.21       40.73       40.74        2
  8237.4            1.99       53.72       53.73        0.69       52.42       52.42        2
  8331.0            3.35       40.26       40.27        1.99       38.90       38.91        2
  8424.6            1.33       52.82       52.82       -0.09       51.40       51.40        2
  8518.2            2.78       40.04       40.05        1.29       38.55       38.56        2
  8611.8            1.27       52.88       52.88       -0.28       51.33       51.33        2
  8705.5            1.56       39.61       39.64       -0.05       38.00       38.03        2
  8799.1            1.81       53.32       53.32        0.14       51.65       51.65        2
  8892.7            1.18       37.25       37.30       -0.56       35.52       35.56        2
  8986.3            2.11       52.74       52.74        0.31       50.94       50.94        2
  9079.9            2.47       35.85       35.91        0.61       33.99       34.05        2
  9173.5            1.72       52.63       52.63       -0.20       50.71       50.71        2
  9267.1            2.26       34.09       34.13        0.27       32.10       32.15        2
  9360.7            1.34       52.85       52.85       -0.72       50.80       50.80        2
  9454.3            2.28       31.03       31.20        0.16       28.91       29.08        2
  9547.9            0.68       52.47       52.47       -1.50       50.29       50.29        2
  9641.5            1.87       27.89       28.29       -0.37       25.64       26.04        2
  9735.1            0.33       51.37       51.37       -1.98       49.06       49.07        2
  9828.7            0.99       27.97       28.35       -1.38       25.59       25.97        2
  9922.3            0.69       50.60       50.60       -1.74       48.16       48.16        2
  10016.            1.26       28.38       28.65       -1.24       25.87       26.14        2
  10110.            0.63       49.20       49.20       -1.94       46.63       46.64        2
  10203.            0.79       27.85       27.97       -1.84       25.22       25.34        2
  10297.            0.42       47.78       47.79       -2.28       45.08       45.09        2
  10390.            1.25       28.83       28.92       -1.51       26.06       26.16        2
  10484.           -0.22       46.81       46.81       -3.05       43.98       43.98        2
  10578.            0.38       30.92       30.99       -2.52       28.03       28.09        2
  10671.           -0.18       45.38       45.39       -3.14       42.42       42.43        2
  10765.           -0.18       32.47       32.51       -3.21       29.44       29.49        2
  10858.            0.10       43.86       43.86       -2.99       40.77       40.77        2
  10952.           -0.39       34.36       34.40       -3.55       31.20       31.24        2
  11046.            0.29       39.71       39.70       -2.94       36.48       36.48        2
  11139.            0.16       33.97       34.02       -3.13       30.68       30.73        2
  11233.            0.13       32.97       33.00       -3.23       29.61       29.64        2
  11326.            0.47       32.08       32.21       -2.95       28.66       28.79        2
  11420.           -0.66       29.93       30.11       -4.15       26.44       26.62        2
  11514.           -0.45       29.39       29.62       -4.01       25.84       26.06        2
  11607.           -1.25       32.37       32.52       -4.87       28.75       28.90        2
  11701.           -0.83       26.46       26.80       -4.52       22.78       23.11        2
  11794.           -1.03       33.48       33.61       -4.78       29.72       29.86        2
  11888.           -1.60       23.14       23.60       -5.42       19.32       19.78        2
  11982.           -0.46       32.94       33.06       -4.34       29.06       29.17        2
  12075.           -1.08       21.78       22.36       -5.04       17.83       18.40        2
  12169.           -0.67       32.23       32.30       -4.69       28.21       28.28        2
  12262.           -0.76       22.60       23.17       -4.84       18.52       19.08        2
  12356.           -1.11       31.31       31.37       -5.27       27.15       27.22        2
  12450.           -1.57       25.31       25.69       -5.79       21.09       21.48        2
  12543.           -0.96       32.11       32.19       -5.24       27.82       27.91        2
  12637.           -1.72       27.19       27.49       -6.07       22.83       23.14        2
  12730.           -0.48       33.30       33.41       -4.90       28.88       28.99        2
  12824.           -1.46       26.98       27.30       -5.94       22.50       22.82        2
  12918.           -0.56       34.00       34.10       -5.11       29.45       29.55        2
  13011.           -0.72       25.66       26.07       -5.34       21.04       21.45        2
  13105.           -1.22       34.50       34.58       -5.90       29.81       29.90        2
  13199.           -0.56       25.33       25.76       -5.31       20.58       21.01        2
  13292.           -1.72       34.89       34.96       -6.54       30.08       30.15        2
  13386.           -1.18       26.73       27.07       -6.06       21.85       22.19        2
  13479.           -1.28       35.42       35.50       -6.22       30.48       30.56        2
  13573.           -1.31       28.47       28.72       -6.32       23.46       23.70        2
  13667.           -0.97       36.04       36.14       -6.05       30.96       31.06        2
  13760.           -0.98       27.70       27.92       -6.13       22.56       22.78        2
  13854.           -1.44       35.69       35.79       -6.65       30.48       30.58        2
  13947.           -1.17       26.20       26.45       -6.45       20.92       21.17        2
  14041.           -1.75       34.92       35.03       -7.10       29.58       29.69        2
  14135.           -1.98       24.08       24.38       -7.39       18.67       18.97        2
  14228.           -2.13       34.16       34.28       -7.61       28.68       28.81        2
  14322.           -2.37       19.68       20.01       -7.91       14.14       14.47        2
  14416.           -1.45       32.57       32.73       -7.06       26.96       27.13        2
  14509.           -1.80       11.16       12.32       -7.47        5.48        6.64        2
  14603.           -1.29       31.32       31.51       -7.03       25.58       25.77        2
  14696.           -1.63       10.67       11.98       -7.44        4.87        6.18        2
  14790.           -2.00       30.97       31.13       -7.87       25.10       25.26        2
  14884.           -1.98       16.77       16.90       -7.91       10.84       10.96        2
  14977.           -2.20       30.57       30.71       -8.20       24.57       24.71        2
  15071.           -2.05       18.60       18.67       -8.11       12.54       12.61        2
  15164.           -1.71       31.42       31.53       -7.84       25.29       25.40        2
  15258.           -1.36       17.23       16.88       -7.55       11.04       10.68        2
  15352.           -2.02       31.92       31.99       -8.28       25.66       25.73        2
  15445.           -0.71        8.80        7.48       -7.04        2.48        1.16        2
  15539.           -2.66       32.33       32.38       -9.05       25.95       25.99        2
  15632.           -0.54       11.11       10.17       -7.00        4.66        3.72        2
  15726.           -4.10       32.08       32.13      -10.62       25.56       25.61        2
  15820.           -1.69       17.74       17.24       -8.28       11.16       10.66        2
  15913.           -3.40       31.11       31.16      -10.05       24.46       24.51        2
  16007.           -3.97       20.49       20.39      -10.68       13.78       13.68        2
  16100.           -3.22       29.71       29.78      -10.00       22.94       23.01        2
  16194.           -5.39       20.93       20.80      -12.23       14.09       13.96        2
  16288.           -2.35       28.33       28.42       -9.25       21.43       21.51        2
  16381.           -4.70       21.67       21.54      -11.67       14.70       14.57        2
  16475.           -2.33       28.26       28.40       -9.36       21.23       21.37        2
  16568.           -3.77       23.13       22.90      -10.87       16.04       15.81        2
  16662.           -1.54       27.11       27.30       -8.69       19.95       20.15        2
  16756.           -3.34       24.89       24.64      -10.56       17.67       17.42        2
  16849.           -1.79       24.89       25.05       -9.08       17.60       17.77        2
  16943.           -2.28       25.61       25.36       -9.62       18.26       18.01        2
  17036.           -1.90       22.79       22.96       -9.31       15.38       15.55        2
  17130.           -0.22       26.19       25.93       -7.69       18.72       18.46        2
  17224.           -1.97       18.64       19.10       -9.50       11.11       11.56        2
  17317.            1.13       26.53       26.34       -6.47       18.94       18.74        2
  17411.           -2.69       16.74       17.62      -10.35        9.08        9.96        2
  17504.            0.52       26.61       26.57       -7.21       18.89       18.84        2
  17598.           -5.37       18.43       18.89      -13.16       10.64       11.10        2
  17692.           -2.15       27.21       27.24      -10.00       19.36       19.39        2
  17785.           -4.77       22.72       22.76      -12.68       14.81       14.84        2
  17879.           -6.23       26.75       26.72      -14.20       18.78       18.75        2
  17972.           -2.62       26.16       26.06      -10.65       18.12       18.02        2
  18066.           -4.74       25.39       25.25      -12.84       17.29       17.15        2
  18160.           -3.22       27.19       27.10      -11.37       19.03       18.94        2
  18253.           -4.17       24.17       24.04      -12.39       15.95       15.82        2
  18347.           -4.41       26.81       26.68      -12.69       18.53       18.39        2
  18441.           -7.74       24.31       24.21      -16.09       15.97       15.87        2
  18534.           -2.42       27.62       27.44      -10.82       19.22       19.03        2
  18628.           -5.89       24.22       23.97      -14.36       15.75       15.50        2
  18721.           -1.17       28.83       28.67       -9.69       20.30       20.14        2
  18815.           -0.75       22.27       21.72       -9.34       13.68       13.14        2
  18909.           -0.91       29.28       29.14       -9.56       20.63       20.49        2
  19002.            2.00       21.28       20.92       -6.71       12.58       12.21        2
  19096.           -1.99       28.72       28.60      -10.76       19.95       19.84        2
  19189.            2.84       19.53       19.76       -5.99       10.70       10.94        2
  93.607           33.60       31.37       34.73       13.53       11.29       14.66        3
  187.21           76.89       80.15       77.97       65.36       68.62       66.44        3
  280.82           20.90       47.28       47.11       13.28       39.65       39.49        3
  374.43           71.28       75.17       77.67       66.02       69.90       72.40        3
  468.04           25.61       50.75       50.79       21.94       47.08       47.11        3
  561.64           63.59       81.97       81.83       61.05       79.43       79.29        3
  655.25           27.93       52.62       52.94       26.22       50.91       51.23        3
  748.86           55.30       84.42       84.21       54.23       83.34       83.13        3
  842.46           26.87       53.75       54.11       26.28       53.16       53.52        3
  936.07           46.73       85.83       85.73       46.52       85.61       85.52        3
  1029.7           24.78       53.78       54.08       24.87       53.87       54.17        3
  1123.3           38.14       86.36       86.33       38.46       86.69       86.66        3
  1216.9           22.44       53.88       54.06       22.95       54.40       54.58        3
  1310.5           30.30       86.01       86.00       30.97       86.68       86.68        3
  1404.1           20.28       54.09       54.18       21.08       54.89       54.98        3
  1497.7           24.58       85.55       85.56       25.48       86.45       86.46        3
  1591.3           18.55       54.05       54.07       19.54       55.03       55.06        3
  1684.9           20.95       84.82       84.82       22.01       85.87       85.88        3
  1778.5           17.18       54.69       54.67       18.29       55.80       55.78        3
  1872.1           18.35       83.58       83.59       19.50       84.74       84.74        3
  1965.8           16.03       55.08       55.04       17.22       56.27       56.23        3
  2059.4           16.39       82.44       82.44       17.61       83.65       83.66        3
  2153.0           15.02       55.76       55.71       16.25       57.00       56.95        3
  2246.6           14.98       80.87       80.88       16.24       82.13       82.13        3
  2340.2           14.17       56.53       56.48       15.44       57.79       57.74        3
  2433.8           14.00       79.26       79.27       15.27       80.53       80.54        3
  2527.4           13.58       56.40       56.35       14.85       57.67       57.62        3
  2621.0           13.24       78.43       78.43       14.51       79.70       79.70        3
  2714.6           13.03       56.38       56.33       14.29       57.65       57.59        3
  2808.2           12.59       77.24       77.25       13.84       78.50       78.50        3
  2901.8           12.36       56.70       56.65       13.60       57.94       57.89        3
  2995.4           11.99       75.61       75.62       13.22       76.84       76.85        3
  3089.0           11.66       56.42       56.37       12.87       57.63       57.58        3
  3182.6           11.44       74.88       74.88       12.63       76.07       76.08        3
  3276.2           11.02       56.28       56.23       12.19       57.45       57.40        3
  3369.9           10.94       73.32       73.33       12.09       74.48       74.48        3
  3463.5           10.55       56.36       56.32       11.68       57.49       57.45        3
  3557.1           10.50       71.75       71.75       11.61       72.85       72.86        3
  3650.7           10.15       56.09       56.04       11.23       57.16       57.12        3
  3744.3           10.04       69.35       69.35       11.09       70.40       70.40        3
  3837.9            9.73       55.82       55.77       10.75       56.83       56.79        3
  3931.5            9.56       67.27       67.27       10.54       68.25       68.26        3
  4025.1            9.34       55.41       55.36       10.29       56.36       56.32        3
  4118.7            9.00       66.23       66.24        9.93       67.16       67.16        3
  4212.3            8.79       55.02       54.98        9.68       55.91       55.87        3
  4305.9            8.61       64.93       64.93        9.46       65.78       65.78        3
  4399.5            8.34       54.53       54.49        9.15       55.35       55.31        3
  4493.1            8.35       62.55       62.54        9.12       63.32       63.32        3
  4586.7            8.00       53.81       53.76        8.74       54.54       54.50        3
  4680.4            8.14       59.95       59.94        8.84       60.65       60.64        3
  4774.0            7.82       53.01       52.97        8.47       53.67       53.62        3
  4867.6            7.79       58.31       58.29        8.41       58.93       58.91        3
  4961.2            7.53       51.95       51.91        8.10       52.53       52.48        3
  5054.8            7.30       57.05       57.03        7.83       57.58       57.56        3
  5148.4            7.03       50.98       50.93        7.51       51.47       51.42        3
  5242.0            6.91       55.42       55.40        7.35       55.86       55.84        3
  5335.6            6.62       50.40       50.35        7.01       50.79       50.74        3
  5429.2            6.66       53.20       53.16        7.01       53.55       53.51        3
  5522.8            6.42       49.74       49.69        6.72       50.04       49.99        3
  5616.4            6.49       51.19       51.14        6.74       51.45       51.40        3
  5710.0            6.32       48.96       48.90        6.52       49.17       49.11        3
  5803.6            6.18       50.10       50.04        6.33       50.25       50.20        3
  5897.2            5.99       48.16       48.09        6.09       48.26       48.20        3
  5990.9            5.82       48.99       48.93        5.87       49.05       48.99        3
  6084.5            5.67       47.42       47.36        5.68       47.43       47.36        3
  6178.1            5.48       47.20       47.13        5.43       47.15       47.09        3
  6271.7            5.43       46.84       46.77        5.33       46.74       46.67        3
  6365.3            5.24       44.85       44.76        5.08       44.69       44.61        3
  6458.9            5.16       46.42       46.34        4.95       46.21       46.14        3
  6552.5            5.06       41.24       41.11        4.80       40.98       40.85        3
  6646.1            4.90       46.21       46.14        4.59       45.90       45.82        3
  6739.7            5.07       36.42       36.18        4.70       36.05       35.81        3
  6833.3            4.80       46.37       46.30        4.38       45.95       45.87        3
  6926.9            5.08       38.29       38.10        4.60       37.81       37.62        3
  7020.5            4.68       45.95       45.87        4.14       45.41       45.34        3
  7114.1            5.01       36.16       36.06        4.42       35.57       35.47        3
  7207.7            4.28       46.19       46.12        3.63       45.54       45.47        3
  7301.3            4.77       35.67       35.66        4.06       34.96       34.96        3
  7395.0            3.99       46.66       46.60        3.23       45.90       45.84        3
  7488.6            4.59       41.46       41.42        3.76       40.63       40.60        3
  7582.2            3.77       46.71       46.65        2.88       45.83       45.77        3
  7675.8            4.22       44.66       44.65        3.28       43.72       43.71        3
  7769.4            3.54       47.13       47.08        2.54       46.14       46.08        3
  7863.0            3.59       47.63       47.61        2.53       46.57       46.55        3
  7956.6            3.33       47.51       47.46        2.21       46.39       46.34        3
  8050.2            3.04       49.68       49.67        1.86       48.50       48.49        3
  8143.8            3.20       47.40       47.34        1.96       46.16       46.10        3
  8237.4            3.00       50.26       50.25        1.70       48.96       48.94        3
  8331.0            3.02       47.69       47.63        1.66       46.32       46.27        3
  8424.6            3.60       49.96       49.93        2.17       48.53       48.51        3
  8518.2            3.06       47.75       47.70        1.58       46.26       46.21        3
  8611.8            3.74       51.58       51.55        2.19       50.03       50.01        3
  8705.5            2.95       46.94       46.89        1.34       45.33       45.28        3
  8799.1            3.43       51.80       51.78        1.75       50.13       50.11        3
  8892.7            2.54       46.88       46.82        0.80       45.14       45.09        3
  8986.3            3.62       52.09       52.07        1.82       50.30       50.27        3
  9079.9            2.31       46.92       46.87        0.45       45.06       45.01        3
  9173.5            2.73       52.44       52.42        0.80       50.51       50.49        3
  9267.1            1.80       47.09       47.05       -0.19       45.10       45.06        3
  9360.7            2.27       52.83       52.81        0.22       50.78       50.75        3
  9454.3            1.75       46.61       46.57       -0.37       44.50       44.45        3
  9547.9            2.34       53.06       53.04        0.16       50.88       50.86        3
  9641.5            2.04       45.71       45.66       -0.21       43.46       43.41        3
  9735.1            2.04       52.83       52.80       -0.26       50.52       50.49        3
  9828.7            1.94       44.60       44.55       -0.43       42.22       42.17        3
  9922.3            2.14       52.35       52.32       -0.30       49.91       49.88        3
  10016.            1.54       43.86       43.80       -0.96       41.35       41.30        3
  10110.            1.30       51.36       51.33       -1.27       48.79       48.76        3
  10203.            1.47       43.67       43.62       -1.17       41.04       40.99        3
  10297.            0.67       50.67       50.64       -2.03       47.97       47.94        3
  10390.            1.39       43.14       43.09       -1.37       40.37       40.32        3
  10484.            0.11       49.84       49.81       -2.72       47.01       46.98        3
  10578.            1.71       42.80       42.75       -1.19       39.91       39.86        3
  10671.            0.16       48.79       48.76       -2.80       45.83       45.80        3
  10765.            1.59       41.88       41.82       -1.44       38.85       38.79        3
  10858.            1.13       48.25       48.22       -1.97       45.16       45.12        3
  10952.            1.69       39.99       39.91       -1.47       36.83       36.75        3
  11046.            1.04       46.69       46.65       -2.18       43.47       43.43        3
  11139.            0.86       38.65       38.56       -2.43       35.36       35.27        3
  11233.            1.16       44.39       44.34       -2.20       41.03       40.98        3
  11326.            0.40       38.83       38.74       -3.02       35.41       35.31        3
  11420.            0.49       42.68       42.62       -3.00       39.19       39.13        3
  11514.            0.14       39.50       39.42       -3.41       35.95       35.86        3
  11607.            0.15       42.25       42.18       -3.47       38.63       38.56        3
  11701.            0.74       39.89       39.80       -2.94       36.20       36.11        3
  11794.            1.00       42.35       42.28       -2.75       38.60       38.53        3
  11888.            0.96       39.80       39.71       -2.86       35.98       35.89        3
  11982.            1.30       42.11       42.04       -2.59       38.22       38.16        3
  12075.            0.08       39.51       39.43       -3.87       35.56       35.47        3
  12169.            1.08       40.96       40.89       -2.94       36.94       36.87        3
  12262.           -0.15       39.73       39.65       -4.23       35.64       35.56        3
  12356.            0.30       39.71       39.64       -3.85       35.56       35.49        3
  12450.           -0.19       40.24       40.16       -4.41       36.02       35.94        3
  12543.           -0.79       39.62       39.55       -5.08       35.34       35.27        3
  12637.           -0.25       40.70       40.62       -4.60       36.34       36.27        3
  12730.           -0.80       40.78       40.71       -5.21       36.36       36.30        3
  12824.            0.23       40.83       40.76       -4.25       36.35       36.27        3
  12918.           -0.11       41.80       41.74       -4.66       37.25       37.19        3
  13011.           -0.04       40.59       40.52       -4.66       35.98       35.90        3
  13105.           -0.12       42.18       42.13       -4.80       37.50       37.45        3
  13199.           -0.95       40.15       40.07       -5.69       35.40       35.33        3
  13292.           -0.81       42.00       41.96       -5.62       37.19       37.14        3
  13386.           -0.56       39.98       39.90       -5.44       35.10       35.02        3
  13479.           -1.38       41.85       41.80       -6.33       36.90       36.85        3
  13573.            0.35       39.94       39.85       -4.67       34.92       34.83        3
  13667.           -0.72       41.76       41.71       -5.80       36.68       36.63        3
  13760.            0.21       39.94       39.85       -4.93       34.80       34.71        3
  13854.            0.18       41.62       41.57       -5.03       36.41       36.35        3
  13947.           -0.55       39.98       39.90       -5.83       34.70       34.62        3
  14041.            0.09       41.63       41.58       -5.26       36.29       36.23        3
  14135.           -1.05       39.78       39.70       -6.46       34.37       34.29        3
  14228.           -0.96       41.50       41.44       -6.44       36.02       35.97        3
  14322.           -0.64       39.74       39.66       -6.19       34.20       34.12        3
  14416.           -1.44       41.53       41.48       -7.05       35.92       35.87        3
  14509.           -0.34       39.58       39.50       -6.02       33.91       33.83        3
  14603.           -1.13       41.24       41.17       -6.87       35.50       35.44        3
  14696.           -0.78       39.48       39.39       -6.59       33.67       33.59        3
  14790.           -1.01       41.15       41.08       -6.87       35.28       35.21        3
  14884.           -1.42       39.37       39.29       -7.36       33.44       33.36        3
  14977.           -2.06       40.61       40.56       -8.06       34.62       34.56        3
  15071.           -1.62       39.44       39.37       -7.68       33.38       33.30        3
  15164.           -2.82       40.12       40.06       -8.95       33.99       33.93        3
  15258.           -0.78       39.60       39.52       -6.97       33.41       33.33        3
  15352.           -1.90       39.76       39.69       -8.16       33.50       33.43        3
  15445.           -0.46       39.56       39.47       -6.79       33.23       33.15        3
  15539.           -0.79       39.53       39.44       -7.18       33.14       33.05        3
  15632.           -1.24       39.72       39.64       -7.69       33.27       33.19        3
  15726.           -0.91       39.92       39.84       -7.43       33.41       33.33        3
  15820.           -2.38       39.50       39.43       -8.96       32.92       32.85        3
  15913.           -1.79       39.89       39.82       -8.44       33.24       33.17        3
  16007.           -2.52       39.39       39.33       -9.23       32.68       32.61        3
  16100.           -1.01       39.95       39.88       -7.78       33.18       33.10        3
  16194.           -1.57       39.20       39.12       -8.41       32.36       32.28        3
  16288.            0.18       40.06       39.98       -6.73       33.16       33.07        3
  16381.           -1.15       38.86       38.77       -8.11       31.89       31.81        3
  16475.            0.71       39.50       39.40       -6.32       32.47       32.37        3
  16568.           -1.08       39.00       38.91       -8.18       31.90       31.82        3
  16662.           -0.10       39.42       39.33       -7.25       32.26       32.17        3
  16756.           -1.40       39.11       39.03       -8.62       31.89       31.81        3
  16849.           -0.15       39.46       39.37       -7.43       32.18       32.09        3
  16943.           -1.27       39.07       38.99       -8.62       31.73       31.64        3
  17036.            0.70       39.29       39.19       -6.71       31.88       31.78        3
  17130.           -1.43       38.96       38.88       -8.91       31.48       31.40        3
  17224.            1.14       39.21       39.10       -6.40       31.67       31.56        3
  17317.           -0.93       38.93       38.84       -8.53       31.33       31.24        3
  17411.           -0.26       39.26       39.18       -7.92       31.60       31.52        3
  17504.           -0.35       38.66       38.57       -8.07       30.94       30.84        3
  17598.           -3.64       39.11       39.05      -11.43       31.32       31.27        3
  17692.           -0.64       38.39       38.29       -8.49       30.54       30.44        3
  17785.           -8.39       38.69       38.66      -16.30       30.78       30.75        3
  17879.           -2.07       38.23       38.14      -10.04       30.25       30.17        3
  17972.           -6.37       37.93       37.89      -14.41       29.90       29.85        3
  18066.           -2.96       38.16       38.08      -11.06       30.06       29.98        3
  18160.           -4.21       37.40       37.34      -12.37       29.24       29.18        3
  18253.           -2.52       38.50       38.42      -10.74       30.28       30.20        3
  18347.           -3.26       37.26       37.18      -11.54       28.98       28.90        3
  18441.           -1.44       38.80       38.71       -9.78       30.45       30.37        3
  18534.           -3.49       37.57       37.50      -11.90       29.16       29.09        3
  18628.           -2.79       38.92       38.84      -11.25       30.45       30.38        3
  18721.           -2.13       37.77       37.70      -10.66       29.24       29.17        3
  18815.           -4.04       38.92       38.85      -12.62       30.33       30.27        3
  18909.            1.14       37.60       37.51       -7.51       28.96       28.86        3
  19002.           -2.72       39.00       38.94      -11.43       30.29       30.23        3
  19096.            3.85       37.26       37.09       -4.92       28.49       28.33        3
  19189.           -1.83       39.51       39.44      -10.66       30.68       30.61        3
  93.607           32.85       52.04       52.91       12.78       31.96       32.83        4
  187.21           76.66       83.01       81.14       65.13       71.48       69.61        4
  280.82           19.19       55.21       55.21       11.57       47.59       47.59        4
  374.43           70.90       73.28       76.45       65.63       68.01       71.18        4
  468.04           26.36       56.10       55.92       22.68       52.42       52.25        4
  561.64           63.03       81.31       81.19       60.49       78.77       78.65        4
  655.25           28.06       56.12       56.08       26.35       54.42       54.38        4
  748.86           54.58       83.47       83.25       53.51       82.39       82.18        4
  842.46           26.73       55.77       55.85       26.14       55.18       55.26        4
  936.07           45.90       84.93       84.83       45.69       84.71       84.62        4
  1029.7           24.45       54.19       54.33       24.54       54.28       54.41        4
  1123.3           37.36       85.27       85.24       37.69       85.60       85.56        4
  1216.9           21.98       51.16       51.35       22.50       51.67       51.87        4
  1310.5           29.90       84.69       84.69       30.57       85.36       85.36        4
  1404.1           19.75       47.30       47.55       20.54       48.10       48.35        4
  1497.7           24.45       84.15       84.15       25.35       85.05       85.06        4
  1591.3           18.01       37.53       37.97       19.00       38.52       38.95        4
  1684.9           20.63       82.96       82.97       21.68       84.02       84.02        4
  1778.5           16.70       34.38       33.35       17.81       35.49       34.46        4
  1872.1           17.86       81.83       81.83       19.02       82.98       82.99        4
  1965.8           15.67       44.67       44.38       16.86       45.86       45.57        4
  2059.4           15.97       80.66       80.67       17.19       81.88       81.88        4
  2153.0           14.75       49.86       49.72       15.99       51.10       50.96        4
  2246.6           14.61       78.62       78.63       15.87       79.88       79.88        4
  2340.2           13.95       51.78       51.68       15.22       53.04       52.94        4
  2433.8           13.52       75.98       75.98       14.79       77.24       77.25        4
  2527.4           13.25       51.69       51.60       14.52       52.96       52.87        4
  2621.0           12.76       74.19       74.20       14.02       75.46       75.47        4
  2714.6           12.59       51.83       51.75       13.85       53.10       53.01        4
  2808.2           12.32       72.68       72.69       13.57       73.94       73.94        4
  2901.8           12.02       52.40       52.33       13.26       53.65       53.57        4
  2995.4           11.90       70.32       70.33       13.13       71.55       71.56        4
  3089.0           11.43       51.83       51.76       12.65       53.05       52.97        4
  3182.6           11.29       69.55       69.56       12.49       70.75       70.76        4
  3276.2           10.88       52.50       52.43       12.05       53.67       53.60        4
  3369.9           10.55       67.65       67.66       11.70       68.80       68.81        4
  3463.5           10.36       52.72       52.66       11.49       53.85       53.79        4
  3557.1           10.02       65.72       65.73       11.12       66.82       66.83        4
  3650.7            9.91       53.17       53.11       10.99       54.24       54.19        4
  3744.3            9.78       62.21       62.23       10.83       63.26       63.28        4
  3837.9            9.52       52.81       52.76       10.54       53.83       53.77        4
  3931.5            9.51       58.58       58.61       10.50       59.57       59.59        4
  4025.1            9.04       52.35       52.29        9.99       53.31       53.25        4
  4118.7            9.00       55.62       55.66        9.92       56.54       56.58        4
  4212.3            8.53       52.23       52.18        9.41       53.12       53.07        4
  4305.9            8.37       52.48       52.53        9.22       53.33       53.38        4
  4399.5            8.14       52.10       52.05        8.95       52.92       52.86        4
  4493.1            7.99       48.40       48.40        8.76       49.18       49.18        4
  4586.7            7.85       51.36       51.31        8.58       52.10       52.04        4
  4680.4            7.80       52.37       52.33        8.49       53.06       53.03        4
  4774.0            7.59       49.97       49.91        8.24       50.63       50.56        4
  4867.6            7.56       53.44       53.41        8.17       54.05       54.02        4
  4961.2            7.15       48.69       48.61        7.72       49.26       49.19        4
  5054.8            7.17       50.99       50.96        7.70       51.52       51.49        4
  5148.4            6.76       48.27       48.20        7.25       48.75       48.68        4
  5242.0            6.64       46.99       46.93        7.08       47.43       47.37        4
  5335.6            6.39       48.41       48.34        6.78       48.81       48.74        4
  5429.2            6.21       47.92       47.85        6.56       48.27       48.20        4
  5522.8            6.16       48.16       48.09        6.46       48.46       48.39        4
  5616.4            5.95       50.33       50.28        6.21       50.59       50.54        4
  5710.0            5.94       47.41       47.33        6.15       47.61       47.54        4
  5803.6            5.77       50.99       50.94        5.93       51.14       51.09        4
  5897.2            5.61       46.53       46.45        5.71       46.63       46.55        4
  5990.9            5.51       49.74       49.69        5.56       49.80       49.74        4
  6084.5            5.29       46.33       46.25        5.30       46.33       46.25        4
  6178.1            5.16       49.90       49.85        5.11       49.85       49.80        4
  6271.7            4.96       46.07       45.99        4.86       45.97       45.89        4
  6365.3            4.88       50.65       50.60        4.73       50.49       50.45        4
  6458.9            4.92       45.44       45.36        4.71       45.23       45.15        4
  6552.5            4.60       50.67       50.63        4.34       50.41       50.37        4
  6646.1            4.75       44.83       44.75        4.43       44.52       44.43        4
  6739.7            4.38       50.35       50.30        4.01       49.98       49.93        4
  6833.3            4.62       44.23       44.14        4.19       43.81       43.72        4
  6926.9            4.25       49.57       49.52        3.77       49.09       49.04        4
  7020.5            4.26       44.05       43.96        3.73       43.51       43.43        4
  7114.1            4.30       50.20       50.16        3.71       49.60       49.56        4
  7207.7            4.05       43.65       43.56        3.40       43.00       42.91        4
  7301.3            4.20       50.76       50.73        3.49       50.06       50.02        4
  7395.0            3.68       42.84       42.75        2.91       42.08       41.98        4
  7488.6            3.76       50.35       50.32        2.94       49.53       49.50        4
  7582.2            3.42       42.74       42.65        2.54       41.86       41.77        4
  7675.8            3.18       51.43       51.40        2.24       50.49       50.46        4
  7769.4            3.19       41.65       41.55        2.19       40.65       40.55        4
  7863.0            2.96       51.56       51.54        1.90       50.50       50.48        4
  7956.6            3.08       40.25       40.13        1.96       39.13       39.02        4
  8050.2            2.68       50.83       50.80        1.50       49.65       49.63        4
  8143.8            2.99       40.28       40.16        1.75       39.04       38.92        4
  8237.4            2.18       50.89       50.87        0.88       49.59       49.57        4
  8331.0            3.42       39.64       39.51        2.05       38.28       38.14        4
  8424.6            1.98       50.09       50.07        0.56       48.67       48.64        4
  8518.2            3.54       38.64       38.49        2.05       37.15       37.00        4
  8611.8            2.80       49.66       49.64        1.25       48.11       48.09        4
  8705.5            3.05       39.97       39.84        1.44       38.36       38.23        4
  8799.1            3.38       50.61       50.59        1.70       48.94       48.91        4
  8892.7            2.54       39.19       39.06        0.80       37.45       37.32        4
  8986.3            3.34       50.95       50.93        1.54       49.15       49.13        4
  9079.9            2.26       38.47       38.33        0.40       36.61       36.47        4
  9173.5            2.95       51.42       51.41        1.03       49.50       49.48        4
  9267.1            1.33       36.96       36.83       -0.66       34.98       34.84        4
  9360.7            1.92       50.71       50.70       -0.13       48.66       48.65        4
  9454.3            1.99       36.74       36.60       -0.12       34.63       34.49        4
  9547.9            1.48       49.83       49.83       -0.70       47.65       47.65        4
  9641.5            1.88       37.84       37.73       -0.36       35.60       35.48        4
  9735.1            1.47       49.03       49.02       -0.84       46.72       46.71        4
  9828.7            2.24       39.38       39.28       -0.13       37.01       36.91        4
  9922.3            2.01       48.51       48.49       -0.43       46.07       46.05        4
  10016.            1.96       39.90       39.81       -0.54       37.39       37.31        4
  10110.            1.97       47.66       47.63       -0.60       45.09       45.07        4
  10203.            1.75       39.65       39.57       -0.88       37.02       36.94        4
  10297.            2.07       46.66       46.64       -0.63       43.96       43.94        4
  10390.            1.19       40.15       40.09       -1.58       37.39       37.33        4
  10484.            1.60       44.89       44.86       -1.23       42.06       42.03        4
  10578.            1.36       40.42       40.37       -1.53       37.53       37.47        4
  10671.            1.74       39.61       39.55       -1.22       36.65       36.59        4
  10765.            1.02       39.93       39.87       -2.01       36.90       36.84        4
  10858.            1.50       31.92       31.78       -1.59       28.82       28.68        4
  10952.            1.13       39.89       39.81       -2.03       36.73       36.65        4
  11046.            1.63       30.04       29.79       -1.59       26.82       26.56        4
  11139.            0.32       40.01       39.93       -2.97       36.72       36.64        4
  11233.            0.83       33.40       33.21       -2.53       30.04       29.85        4
  11326.            0.14       39.74       39.67       -3.28       36.32       36.25        4
  11420.            0.07       35.05       34.90       -3.42       31.56       31.41        4
  11514.            0.58       38.98       38.90       -2.97       35.43       35.35        4
  11607.           -0.24       34.09       33.94       -3.86       30.47       30.31        4
  11701.            0.80       38.36       38.27       -2.89       34.67       34.58        4
  11794.           -0.37       33.40       33.24       -4.12       29.65       29.49        4
  11888.            0.87       38.22       38.12       -2.95       34.40       34.30        4
  11982.            0.29       34.82       34.67       -3.60       30.93       30.78        4
  12075.            0.52       37.92       37.81       -3.44       33.96       33.85        4
  12169.            0.33       36.58       36.46       -3.69       32.56       32.44        4
  12262.            0.14       36.84       36.72       -3.95       32.76       32.64        4
  12356.           -0.14       36.36       36.24       -4.29       32.21       32.09        4
  12450.           -0.04       35.38       35.24       -4.26       31.16       31.02        4
  12543.            0.05       33.55       33.39       -4.24       29.26       29.10        4
  12637.            0.05       34.32       34.15       -4.30       29.97       29.80        4
  12730.            0.13       25.10       24.74       -4.29       20.68       20.32        4
  12824.            0.08       34.77       34.60       -4.40       30.28       30.12        4
  12918.            0.13       19.03       19.82       -4.42       14.48       15.27        4
  13011.           -0.33       35.94       35.80       -4.95       31.32       31.19        4
  13105.            0.47       28.20       28.45       -4.22       23.52       23.76        4
  13199.           -0.73       37.10       36.99       -5.48       32.35       32.24        4
  13292.            0.68       30.44       30.60       -4.14       25.62       25.79        4
  13386.           -0.68       38.11       38.01       -5.56       33.22       33.12        4
  13479.           -0.02       31.45       31.52       -4.97       26.50       26.57        4
  13573.           -0.42       39.04       38.94       -5.44       34.02       33.93        4
  13667.           -0.66       31.79       31.79       -5.74       26.71       26.71        4
  13760.           -0.39       39.56       39.47       -5.54       34.41       34.33        4
  13854.           -0.31       32.61       32.56       -5.52       27.40       27.35        4
  13947.           -0.86       39.90       39.82       -6.13       34.62       34.54        4
  14041.           -0.26       33.96       33.91       -5.61       28.62       28.56        4
  14135.           -0.92       40.22       40.15       -6.33       34.81       34.74        4
  14228.           -0.91       33.99       33.91       -6.38       28.51       28.43        4
  14322.           -0.76       40.30       40.22       -6.30       34.76       34.68        4
  14416.           -1.95       34.59       34.51       -7.56       28.98       28.90        4
  14509.           -0.35       40.50       40.42       -6.03       34.82       34.74        4
  14603.           -1.80       35.72       35.65       -7.54       29.98       29.91        4
  14696.           -0.27       40.48       40.40       -6.07       34.68       34.60        4
  14790.           -0.45       36.44       36.37       -6.31       30.58       30.50        4
  14884.           -0.71       40.38       40.31       -6.64       34.45       34.37        4
  14977.            0.12       36.49       36.41       -5.88       30.49       30.41        4
  15071.           -1.31       40.40       40.33       -7.38       34.34       34.27        4
  15164.           -0.22       36.72       36.64       -6.35       30.59       30.51        4
  15258.           -1.74       40.32       40.26       -7.94       34.13       34.06        4
  15352.           -1.06       36.83       36.74       -7.32       30.57       30.48        4
  15445.           -1.46       40.27       40.20       -7.78       33.94       33.87        4
  15539.           -1.17       36.98       36.89       -7.56       30.59       30.50        4
  15632.           -1.92       40.26       40.19       -8.37       33.80       33.74        4
  15726.           -0.91       37.26       37.17       -7.43       30.74       30.65        4
  15820.           -3.42       40.08       40.02      -10.00       33.50       33.44        4
  15913.           -1.12       37.14       37.04       -7.76       30.49       30.40        4
  16007.           -4.64       39.59       39.54      -11.35       32.88       32.83        4
  16100.           -1.69       36.84       36.74       -8.47       30.07       29.97        4
  16194.           -3.78       39.44       39.38      -10.62       32.60       32.55        4
  16288.           -2.35       36.62       36.53       -9.25       29.72       29.63        4
  16381.           -2.83       39.35       39.29       -9.80       32.38       32.32        4
  16475.           -2.15       36.33       36.23       -9.19       29.30       29.20        4
  16568.           -3.59       39.19       39.13      -10.68       32.09       32.04        4
  16662.           -2.62       36.37       36.27       -9.77       29.21       29.11        4
  16756.           -2.96       38.95       38.90      -10.18       31.73       31.68        4
  16849.           -3.58       35.99       35.90      -10.87       28.71       28.62        4
  16943.           -0.40       38.76       38.70       -7.75       31.41       31.36        4
  17036.           -4.58       36.05       35.97      -11.99       28.63       28.56        4
  17130.            1.95       38.45       38.35       -5.52       30.97       30.87        4
  17224.           -2.79       36.16       36.08      -10.32       28.63       28.54        4
  17317.            2.53       37.93       37.79       -5.07       30.33       30.20        4
  17411.           -1.02       36.41       36.31       -8.68       28.75       28.65        4
  17504.            1.71       37.34       37.20       -6.01       29.62       29.47        4
  17598.           -0.15       36.42       36.30       -7.93       28.64       28.52        4
  17692.           -0.88       36.36       36.24       -8.73       28.51       28.39        4
  17785.           -0.84       36.07       35.95       -8.75       28.15       28.04        4
  17879.           -2.45       35.26       35.15      -10.43       27.29       27.18        4
  17972.           -1.30       35.31       35.19       -9.33       27.27       27.15        4
  18066.           -2.16       35.05       34.93      -10.26       26.95       26.83        4
  18160.           -0.76       34.71       34.57       -8.92       26.55       26.41        4
  18253.           -4.22       35.02       34.93      -12.44       26.80       26.71        4
  18347.           -0.14       34.70       34.54       -8.42       26.42       26.26        4
  18441.          -12.98       34.85       34.82      -21.32       26.50       26.48        4
  18534.           -1.23       35.28       35.14       -9.64       26.87       26.74        4
  18628.           -7.39       34.32       34.35      -15.85       25.85       25.88        4
  18721.           -5.14       35.19       35.10      -13.66       26.66       26.58        4
  18815.            0.36       34.05       34.03       -8.22       25.47       25.44        4
  18909.           -7.85       34.55       34.50      -16.50       25.90       25.85        4
  19002.            4.14       34.33       34.17       -4.57       25.62       25.46        4
  19096.           -4.91       34.11       34.06      -13.67       25.34       25.29        4
  19189.            5.64       34.54       34.25       -3.18       25.71       25.42        4
  93.607           28.12       31.01       33.81        8.05       10.94       13.73        5
  187.21           75.24       84.01       82.46       63.70       72.48       70.92        5
  280.82           22.75       44.47       43.87       15.13       36.85       36.24        5
  374.43           68.59       69.81       73.73       63.32       64.54       68.46        5
  468.04           28.34       47.24       46.21       24.66       43.56       42.53        5
  561.64           59.86       79.50       79.42       57.32       76.96       76.87        5
  655.25           27.41       47.80       46.98       25.71       46.10       45.27        5
  748.86           50.69       81.47       81.29       49.62       80.39       80.21        5
  842.46           24.30       49.18       48.69       23.71       48.59       48.10        5
  936.07           41.72       83.08       83.01       41.50       82.87       82.80        5
  1029.7           20.51       49.84       49.55       20.59       49.93       49.64        5
  1123.3           33.46       83.16       83.14       33.79       83.49       83.46        5
  1216.9           17.37       50.23       50.10       17.88       50.75       50.62        5
  1310.5           25.91       82.40       82.39       26.59       83.07       83.06        5
  1404.1           15.62       51.83       51.81       16.41       52.63       52.61        5
  1497.7           18.90       81.76       81.75       19.81       82.66       82.65        5
  1591.3           14.54       53.10       53.13       15.53       54.08       54.12        5
  1684.9           13.90       80.02       80.02       14.96       81.08       81.07        5
  1778.5           13.61       52.94       53.00       14.72       54.05       54.11        5
  1872.1           12.14       79.30       79.30       13.29       80.46       80.45        5
  1965.8           12.81       54.41       54.47       14.01       55.60       55.66        5
  2059.4           12.04       78.07       78.06       13.26       79.28       79.28        5
  2153.0           12.01       55.25       55.31       13.25       56.49       56.55        5
  2246.6           11.83       75.05       75.04       13.08       76.30       76.30        5
  2340.2           11.17       54.50       54.56       12.43       55.76       55.82        5
  2433.8           10.80       70.77       70.77       12.07       72.04       72.04        5
  2527.4           10.51       52.78       52.85       11.78       54.05       54.12        5
  2621.0            9.90       67.35       67.35       11.17       68.62       68.62        5
  2714.6            9.99       51.44       51.51       11.25       52.70       52.77        5
  2808.2            9.84       65.90       65.90       11.09       67.15       67.16        5
  2901.8            9.28       49.98       50.05       10.53       51.23       51.30        5
  2995.4            9.41       62.10       62.12       10.64       63.33       63.35        5
  3089.0            8.65       48.73       48.81        9.87       49.94       50.02        5
  3182.6            8.28       62.96       62.97        9.47       64.15       64.17        5
  3276.2            8.32       46.32       46.41        9.50       47.50       47.59        5
  3369.9            7.75       60.84       60.85        8.90       61.99       62.01        5
  3463.5            7.92       44.23       44.33        9.04       45.36       45.46        5
  3557.1            7.94       59.18       59.20        9.05       60.28       60.30        5
  3650.7            7.20       39.59       39.74        8.28       40.66       40.81        5
  3744.3            7.31       56.10       56.12        8.36       57.15       57.16        5
  3837.9            6.80       38.33       38.56        7.82       39.35       39.57        5
  3931.5            6.35       47.44       47.45        7.33       48.42       48.44        5
  4025.1            6.64       41.46       41.60        7.60       42.42       42.56        5
  4118.7            6.34       42.56       42.59        7.26       43.48       43.51        5
  4212.3            6.11       42.38       42.50        7.00       43.27       43.39        5
  4305.9            6.35       53.56       53.56        7.20       54.42       54.42        5
  4399.5            5.56       43.12       43.23        6.37       43.93       44.04        5
  4493.1            5.45       57.62       57.62        6.22       58.39       58.39        5
  4586.7            5.47       44.03       44.13        6.21       44.77       44.87        5
  4680.4            4.90       58.38       58.39        5.60       59.08       59.09        5
  4774.0            5.26       44.11       44.19        5.92       44.76       44.85        5
  4867.6            5.07       56.44       56.46        5.69       57.05       57.07        5
  4961.2            4.55       42.68       42.75        5.13       43.25       43.33        5
  5054.8            4.73       52.87       52.91        5.26       53.40       53.44        5
  5148.4            4.21       40.36       40.44        4.69       40.84       40.92        5
  5242.0            3.99       49.14       49.18        4.43       49.58       49.62        5
  5335.6            4.23       39.59       39.69        4.63       39.98       40.09        5
  5429.2            3.91       50.04       50.08        4.26       50.38       50.43        5
  5522.8            3.73       38.86       38.97        4.03       39.16       39.27        5
  5616.4            3.87       50.61       50.64        4.12       50.86       50.90        5
  5710.0            3.02       36.96       37.05        3.23       37.16       37.26        5
  5803.6            2.91       49.73       49.77        3.06       49.89       49.92        5
  5897.2            3.20       34.75       34.85        3.30       34.85       34.96        5
  5990.9            2.69       48.39       48.42        2.74       48.44       48.47        5
  6084.5            3.32       33.12       33.26        3.33       33.12       33.27        5
  6178.1            2.82       48.45       48.47        2.77       48.40       48.42        5
  6271.7            2.74       30.13       30.39        2.64       30.03       30.29        5
  6365.3            2.39       48.26       48.28        2.24       48.11       48.13        5
  6458.9            2.43       25.74       26.28        2.22       25.54       26.07        5
  6552.5            1.80       46.48       46.48        1.54       46.22       46.22        5
  6646.1            2.70       27.34       27.83        2.39       27.03       27.52        5
  6739.7            2.26       43.71       43.71        1.89       43.34       43.34        5
  6833.3            2.48       27.38       27.84        2.06       26.96       27.42        5
  6926.9            2.33       42.93       42.92        1.85       42.45       42.44        5
  7020.5            2.05       29.62       29.95        1.51       29.09       29.41        5
  7114.1            1.42       42.17       42.15        0.82       41.57       41.56        5
  7207.7            2.03       29.31       29.61        1.38       28.66       28.96        5
  7301.3            1.28       42.75       42.71        0.58       42.04       42.01        5
  7395.0            1.94       30.71       30.90        1.17       29.95       30.13        5
  7488.6            1.94       43.87       43.81        1.12       43.05       42.99        5
  7582.2            1.21       32.54       32.69        0.33       31.66       31.81        5
  7675.8            1.91       45.49       45.44        0.97       44.55       44.50        5
  7769.4            0.79       35.61       35.70       -0.21       34.61       34.70        5
  7863.0            1.24       46.67       46.62        0.18       45.61       45.56        5
  7956.6            0.79       38.78       38.86       -0.33       37.66       37.74        5
  8050.2            1.04       44.73       44.67       -0.14       43.55       43.50        5
  8143.8            0.34       39.95       40.02       -0.90       38.71       38.78        5
  8237.4            1.07       45.24       45.20       -0.23       43.94       43.90        5
  8331.0           -0.47       40.31       40.37       -1.84       38.94       39.01        5
  8424.6            0.77       45.97       45.95       -0.66       44.55       44.52        5
  8518.2           -0.59       40.77       40.84       -2.08       39.28       39.35        5
  8611.8            0.41       46.20       46.18       -1.14       44.65       44.64        5
  8705.5           -0.37       42.25       42.31       -1.97       40.64       40.70        5
  8799.1            0.16       48.93       48.93       -1.52       47.26       47.26        5
  8892.7           -0.46       42.65       42.71       -2.20       40.91       40.97        5
  8986.3            0.08       49.74       49.74       -1.72       47.94       47.95        5
  9079.9           -0.97       42.39       42.45       -2.83       40.53       40.59        5
  9173.5           -0.17       50.58       50.59       -2.09       48.65       48.67        5
  9267.1           -1.34       41.98       42.04       -3.33       40.00       40.05        5
  9360.7           -1.13       50.85       50.87       -3.18       48.80       48.81        5
  9454.3           -1.02       41.88       41.93       -3.14       39.76       39.81        5
  9547.9           -1.14       50.41       50.42       -3.32       48.23       48.24        5
  9641.5           -0.72       41.47       41.51       -2.97       39.22       39.27        5
  9735.1           -0.84       49.94       49.96       -3.15       47.63       47.65        5
  9828.7           -0.35       41.33       41.37       -2.73       38.96       38.99        5
  9922.3           -0.60       49.99       50.01       -3.04       47.55       47.57        5
  10016.           -0.38       39.76       39.79       -2.88       37.26       37.29        5
  10110.           -0.05       49.25       49.28       -2.62       46.68       46.71        5
  10203.           -2.07       37.23       37.25       -4.70       34.60       34.61        5
  10297.           -1.32       48.22       48.25       -4.02       45.52       45.55        5
  10390.           -2.25       34.91       34.86       -5.01       32.14       32.10        5
  10484.           -2.17       46.47       46.49       -5.00       43.64       43.66        5
  10578.           -1.18       30.57       30.39       -4.07       27.67       27.49        5
  10671.           -2.44       43.02       43.04       -5.40       40.05       40.08        5
  10765.            0.12       25.17       24.84       -2.90       22.15       21.82        5
  10858.           -1.14       41.51       41.55       -4.23       38.42       38.45        5
  10952.           -0.53       22.93       22.55       -3.69       19.77       19.39        5
  11046.           -1.15       40.58       40.61       -4.38       37.35       37.39        5
  11139.           -1.66       18.92       18.12       -4.95       15.63       14.83        5
  11233.           -1.62       37.70       37.74       -4.98       34.34       34.38        5
  11326.           -3.02       21.80       21.90       -6.44       18.38       18.47        5
  11420.           -2.81       33.16       33.22       -6.30       29.67       29.73        5
  11514.           -2.20       22.61       22.97       -5.76       19.06       19.41        5
  11607.           -3.21       29.44       29.56       -6.83       25.82       25.94        5
  11701.           -1.10       22.12       22.55       -4.78       18.43       18.87        5
  11794.           -2.65       25.02       25.33       -6.40       21.26       21.58        5
  11888.           -1.04       22.48       22.90       -4.86       18.66       19.08        5
  11982.           -2.21       25.26       25.60       -6.09       21.37       21.72        5
  12075.           -2.02       20.98       21.54       -5.97       17.03       17.58        5
  12169.           -2.75       27.36       27.62       -6.77       23.34       23.60        5
  12262.           -2.87       15.73       16.66       -6.96       11.65       12.58        5
  12356.           -3.32       27.57       27.74       -7.47       23.42       23.58        5
  12450.           -2.36       11.75       11.21       -6.58        7.53        6.99        5
  12543.           -2.93       30.81       30.76       -7.22       26.53       26.47        5
  12637.           -2.57       24.24       24.22       -6.92       19.89       19.86        5
  12730.           -3.30       34.82       34.72       -7.72       30.40       30.30        5
  12824.           -3.29       29.08       29.17       -7.77       24.60       24.69        5
  12918.           -4.58       37.26       37.19       -9.13       32.71       32.64        5
  13011.           -2.74       32.64       32.76       -7.35       28.02       28.14        5
  13105.           -4.70       38.27       38.22       -9.38       33.59       33.53        5
  13199.           -1.69       34.43       34.55       -6.43       29.68       29.81        5
  13292.           -3.61       38.54       38.50       -8.43       33.73       33.68        5
  13386.           -2.10       35.55       35.66       -6.98       30.67       30.77        5
  13479.           -2.83       38.74       38.71       -7.78       33.79       33.76        5
  13573.           -3.93       36.47       36.55       -8.94       31.45       31.53        5
  13667.           -3.92       39.17       39.17       -9.00       34.09       34.09        5
  13760.           -3.87       37.05       37.13       -9.02       31.91       31.98        5
  13854.           -4.83       40.00       40.02      -10.04       34.79       34.81        5
  13947.           -2.88       37.43       37.51       -8.15       32.15       32.24        5
  14041.           -4.15       40.98       41.00       -9.49       35.63       35.66        5
  14135.           -2.98       37.87       37.95       -8.39       32.46       32.54        5
  14228.           -3.24       41.80       41.84       -8.71       36.33       36.37        5
  14322.           -3.12       37.86       37.92       -8.66       32.32       32.38        5
  14416.           -2.98       42.16       42.20       -8.59       36.55       36.60        5
  14509.           -2.30       37.95       38.01       -7.97       32.28       32.34        5
  14603.           -2.52       42.90       42.95       -8.26       37.17       37.21        5
  14696.           -2.14       37.35       37.41       -7.94       31.55       31.61        5
  14790.           -2.28       43.07       43.11       -8.15       37.20       37.24        5
  14884.           -2.74       36.10       36.14       -8.67       30.16       30.21        5
  14977.           -2.19       42.93       42.96       -8.19       36.93       36.96        5
  15071.           -3.75       34.43       34.46       -9.82       28.37       28.39        5
  15164.           -1.88       42.53       42.56       -8.01       36.40       36.43        5
  15258.           -5.21       32.23       32.22      -11.40       26.03       26.02        5
  15352.           -2.72       41.91       41.94       -8.98       35.65       35.68        5
  15445.           -6.21       30.50       30.41      -12.53       24.17       24.09        5
  15539.           -3.72       41.26       41.27      -10.11       34.87       34.88        5
  15632.           -6.03       27.69       27.51      -12.49       21.24       21.06        5
  15726.           -4.68       40.08       40.08      -11.19       33.56       33.56        5
  15820.           -5.53       27.79       27.65      -12.11       21.21       21.07        5
  15913.           -6.47       38.70       38.68      -13.12       32.06       32.04        5
  16007.           -3.29       29.95       29.95      -10.00       23.24       23.24        5
  16100.           -8.73       36.78       36.74      -15.50       30.00       29.96        5
  16194.           -0.46       31.00       31.08       -7.30       24.16       24.24        5
  16288.           -4.80       34.18       34.09      -11.70       27.28       27.19        5
  16381.            0.54       32.11       32.18       -6.43       25.14       25.21        5
  16475.           -1.71       33.05       32.93       -8.74       26.02       25.90        5
  16568.           -0.94       32.52       32.56       -8.03       25.43       25.47        5
  16662.           -0.70       32.58       32.48       -7.85       25.42       25.32        5
  16756.           -5.25       32.29       32.32      -12.47       25.07       25.10        5
  16849.           -1.77       31.46       31.41       -9.05       24.18       24.12        5
  16943.          -10.36       32.26       32.31      -17.71       24.91       24.96        5
  17036.           -3.16       31.38       31.40      -10.57       23.97       23.99        5
  17130.          -11.28       32.28       32.34      -18.76       24.81       24.86        5
  17224.           -5.93       32.22       32.27      -13.47       24.69       24.74        5
  17317.           -5.54       31.42       31.52      -13.14       23.83       23.92        5
  17411.          -13.15       31.82       31.87      -20.81       24.16       24.20        5
  17504.            0.16       30.29       30.51       -7.57       22.56       22.79        5
  17598.           -6.86       30.69       30.77      -14.65       22.90       22.98        5
  17692.            3.08       29.97       30.35       -4.77       22.12       22.50        5
  17785.           -0.56       29.09       29.33       -8.47       21.18       21.42        5
  17879.            3.32       29.72       30.09       -4.66       21.75       22.12        5
  17972.            1.60       27.34       27.78       -6.44       19.30       19.74        5
  18066.            0.51       29.18       29.28       -7.59       21.09       21.18        5
  18160.            0.88       26.15       26.50       -7.28       17.99       18.34        5
  18253.           -4.09       27.22       26.99      -12.31       19.00       18.77        5
  18347.           -4.03       26.08       26.03      -12.31       17.80       17.75        5
  18441.            0.72       25.24       25.24       -7.62       16.90       16.90        5
  18534.          -10.55       28.23       28.17      -18.95       19.82       19.76        5
  18628.            4.26       23.11       24.00       -4.21       14.65       15.53        5
  18721.           -3.05       29.63       29.76      -11.58       21.10       21.24        5
  18815.            4.68       25.24       25.80       -3.90       16.65       17.21        5
  18909.            0.27       30.91       31.16       -8.37       22.26       22.51        5
  19002.            2.50       28.23       28.18       -6.20       19.52       19.48        5
  19096.            0.57       31.07       31.31       -8.20       22.30       22.54        5
  19189.           -3.88       30.46       30.33      -12.71       21.63       21.50        5
